{
  "asset": {
    "version": "2.0",
    "generator": "THREE.GLTFExporter"
  },
  "scenes": [
    {
      "nodes": [
        0,
        1,
        2,
        3,
        4,
        5,
        6,
        7,
        8,
        9,
        10,
        11,
        12,
        13,
        14,
        15,
        16,
        17,
        18,
        19,
        20,
        21,
        22,
        23,
        24,
        25,
        26,
        27,
        28,
        29,
        30,
        31,
        32,
        33,
        34,
        35,
        36,
        37,
        38,
        39,
        40,
        41,
        42,
        43,
        44,
        45,
        46,
        47,
        48,
        49,
        50,
        51,
        52,
        53,
        54,
        55,
        56,
        57,
        58,
        59,
        60,
        61,
        62,
        63,
        64,
        65,
        66,
        67,
        68,
        69,
        70,
        71,
        72,
        73,
        74,
        75,
        76,
        77,
        78,
        79,
        80,
        81,
        82,
        83,
        84,
        85,
        86,
        87,
        88,
        89,
        90,
        91,
        92,
        93,
        94,
        95,
        96,
        97,
        98,
        99,
        100,
        101
      ]
    }
  ],
  "scene": 0,
  "nodes": [
    {
      "matrix": [
        0.9784933154176739,
        0.2031868011568116,
        -0.03558026866945867,
        0,
        -0.19458380216491838,
        0.9664368464573079,
        0.16774076947688593,
        0,
        0.06846879302260597,
        -0.15720987769639727,
        0.9851888543506323,
        0,
        11.410318926687715,
        10.215529573229489,
        49.7523959869326,
        1
      ],
      "name": "mesh 0",
      "extras": {
        "index": 0
      },
      "mesh": 0
    },
    {
      "matrix": [
        0.9933783436051208,
        0.1032864669479256,
        -0.050312743929958346,
        0,
        -0.0943149171586138,
        0.9832044287619358,
        0.15624899252244603,
        0,
        0.06560611905691655,
        -0.15046912310613977,
        0.9864354414425502,
        0,
        15.292645050896667,
        -4.250965570910694,
        46.711881723119596,
        1
      ],
      "name": "mesh 1",
      "extras": {
        "index": 1
      },
      "mesh": 1
    },
    {
      "matrix": [
        0.9962819432504952,
        0.08614252180123204,
        0.0013249493353260904,
        0,
        -0.08612156909487347,
        0.9953905673255482,
        0.04219826792606728,
        0,
        0.002316223144227636,
        -0.04215547908691685,
        0.9991083778516215,
        0,
        42.76703074256871,
        -21.830405719075042,
        69.45917702803557,
        1
      ],
      "name": "mesh 2",
      "extras": {
        "type": "TorusKnotBufferGeometry",
        "index": 2
      },
      "mesh": 2
    },
    {
      "matrix": [
        0.9927814209306666,
        0.07495206545618507,
        -0.09363353105986316,
        0,
        -0.0731611083296888,
        0.9970680855903206,
        0.02242063614674331,
        0,
        0.09503947854895961,
        -0.015408458102771357,
        0.9953542469573519,
        0,
        -16.14761082452567,
        -3.3883296117748856,
        28.312580729848126,
        1
      ],
      "name": "mesh 3",
      "extras": {
        "type": "BoxBufferGeometry",
        "index": 3
      },
      "mesh": 3
    },
    {
      "matrix": [
        0.9899186526486528,
        0.14138017921986032,
        0.00852678497654466,
        0,
        -0.1402566566722809,
        0.9701082133297968,
        0.1980356651948922,
        0,
        0.01972641369813502,
        -0.19723513721908095,
        0.9801577267199296,
        0,
        2.922137106121525,
        -44.289996111667996,
        54.24298063043984,
        1
      ],
      "name": "mesh 4",
      "extras": {
        "type": "SphereBufferGeometry",
        "index": 4
      },
      "mesh": 4
    },
    {
      "matrix": [
        0.9903576187552207,
        0.09019915447201811,
        -0.10514703755228721,
        0,
        -0.08933185664845357,
        0.9959178729256859,
        0.012938692936982868,
        0,
        0.10588487314640002,
        -0.00342095304124486,
        0.9943725110435527,
        0,
        -46.9343344358466,
        -4.044142070646117,
        81.25114005456078,
        1
      ],
      "name": "mesh 5",
      "extras": {
        "type": "TorusKnotBufferGeometry",
        "index": 5
      },
      "mesh": 5
    },
    {
      "matrix": [
        0.9832494321137867,
        0.17023570073142733,
        -0.06511805006598276,
        0,
        -0.1640155974737992,
        0.9822281877815766,
        0.09125059403988905,
        0,
        0.07949489312671973,
        -0.07904171888186567,
        0.9936966180092249,
        0,
        7.899563053352601,
        -28.305198969991952,
        27.77559629971298,
        1
      ],
      "name": "mesh 6",
      "extras": {
        "type": "DodecahedronGeometry",
        "index": 6
      },
      "mesh": 6
    },
    {
      "matrix": [
        0.996504396834663,
        0.08344696198304989,
        0.0039486231757500725,
        0,
        -0.08291200372371434,
        0.9821178734823004,
        0.1690268683527059,
        0,
        0.010226765260991644,
        -0.1687634057561165,
        0.9856035339576928,
        0,
        32.18012322543369,
        -16.513605961201684,
        80.49123631040732,
        1
      ],
      "name": "mesh 7",
      "extras": {
        "type": "TorusBufferGeometry",
        "index": 7
      },
      "mesh": 7
    },
    {
      "matrix": [
        0.9884988857558127,
        0.12210112151299782,
        -0.08922594345135831,
        0,
        -0.10381059356828021,
        0.9769040838537643,
        0.18676662339090186,
        0,
        0.10996960272056178,
        -0.17535600096690665,
        0.9783439882793659,
        0,
        -48.82648716024236,
        17.12310028191024,
        37.84266450458957,
        1
      ],
      "name": "mesh 8",
      "extras": {
        "type": "SphereBufferGeometry",
        "index": 8
      },
      "mesh": 8
    },
    {
      "matrix": [
        0.9852444525722249,
        0.10612989030366918,
        -0.13427514684329317,
        0,
        -0.09618699803283487,
        0.9922627223812057,
        0.07850319217757715,
        0,
        0.14156775792915638,
        -0.06442931131689472,
        0.9878296582701607,
        0,
        19.128056991548377,
        25.369131095239013,
        12.633398935120987,
        1
      ],
      "name": "mesh 9",
      "extras": {
        "type": "BoxBufferGeometry",
        "index": 9
      },
      "mesh": 9
    },
    {
      "matrix": [
        0.9821041137812487,
        0.18776840268713957,
        -0.01464706954541661,
        0,
        -0.18661086268309945,
        0.9806569351575627,
        0.059062352273214505,
        0,
        0.02545379387473456,
        -0.0552720768534717,
        0.9981468338364283,
        0,
        -30.815148709302818,
        10.06731783434391,
        66.36480098783157,
        1
      ],
      "name": "mesh 10",
      "extras": {
        "type": "SphereBufferGeometry",
        "index": 10
      },
      "mesh": 10
    },
    {
      "matrix": [
        0.9969332114488543,
        0.07754444130107947,
        0.010537150163945654,
        0,
        -0.07821631231440522,
        0.9829938244740124,
        0.1661485766833104,
        0,
        0.0025259450131629585,
        -0.1664632111586758,
        0.9860444305063198,
        0,
        -28.92843609481366,
        -19.59673722787645,
        22.576990812435117,
        1
      ],
      "name": "mesh 11",
      "extras": {
        "type": "TorusBufferGeometry",
        "index": 11
      },
      "mesh": 11
    },
    {
      "matrix": [
        0.9891223970718611,
        0.14576335701450394,
        -0.019746578505599615,
        0,
        -0.14384060675378396,
        0.986566066898142,
        0.07744207831556531,
        0,
        0.030769521600421724,
        -0.07375933430416208,
        0.996801282675483,
        0,
        6.473719681009115,
        -44.498384243460244,
        0.38194202299193236,
        1
      ],
      "name": "mesh 12",
      "extras": {
        "type": "CylinderBufferGeometry",
        "index": 12
      },
      "mesh": 12
    },
    {
      "matrix": [
        0.9986900825871402,
        0.04767286962550898,
        -0.018585382529298106,
        0,
        -0.044254310814955906,
        0.9870888200049148,
        0.15393900543916159,
        0,
        0.02568413744676649,
        -0.15291487476035212,
        0.9879055451613993,
        0,
        13.033559866303854,
        -46.68185627171715,
        63.90454819103357,
        1
      ],
      "name": "mesh 13",
      "extras": {
        "type": "TorusKnotBufferGeometry",
        "index": 13
      },
      "mesh": 13
    },
    {
      "matrix": [
        0.9744600120721085,
        0.14717834318497688,
        -0.1696060735049051,
        0,
        -0.1352629981496569,
        0.9875869172485222,
        0.07984987295623255,
        0,
        0.1792529112845647,
        -0.05486908215822215,
        0.9822717432661505,
        0,
        -44.738077129360086,
        27.8031343120621,
        6.284390122817296,
        1
      ],
      "name": "mesh 14",
      "extras": {
        "type": "SphereBufferGeometry",
        "index": 14
      },
      "mesh": 14
    },
    {
      "matrix": [
        0.9997824577085119,
        0.01854915911063931,
        -0.009537607384235503,
        0,
        -0.01830282103957877,
        0.9995124088963999,
        0.025297256849487686,
        0,
        0.010002199774089176,
        -0.02511718850516486,
        0.9996344746162346,
        0,
        28.90810501886085,
        -9.798668493648456,
        52.26162863565891,
        1
      ],
      "name": "mesh 15",
      "extras": {
        "type": "BoxBufferGeometry",
        "index": 15
      },
      "mesh": 15
    },
    {
      "matrix": [
        0.9738080083642305,
        0.14097111244036994,
        -0.178395931296135,
        0,
        -0.11705853906254202,
        0.9834673062774093,
        0.13816423529987706,
        0,
        0.1949237319523564,
        -0.11366267171231301,
        0.9742102112896297,
        0,
        22.116537543081222,
        -29.69620693287578,
        98.00872139216716,
        1
      ],
      "name": "mesh 16",
      "extras": {
        "type": "SphereBufferGeometry",
        "index": 16
      },
      "mesh": 16
    },
    {
      "matrix": [
        0.9665582751885409,
        0.1942675295305278,
        -0.16740737031163935,
        0,
        -0.18689325995758835,
        0.9806136821275628,
        0.05888731447984713,
        0,
        0.1756018509212763,
        -0.02563071193565675,
        0.9841275611213687,
        0,
        35.630723510211155,
        -9.00283852163146,
        92.5206705518721,
        1
      ],
      "name": "mesh 17",
      "extras": {
        "type": "TorusBufferGeometry",
        "index": 17
      },
      "mesh": 17
    },
    {
      "matrix": [
        0.9686951519033974,
        0.17224823754948507,
        -0.17877429160802183,
        0,
        -0.1571943879955506,
        0.9829575862518608,
        0.0953116362917974,
        0,
        0.1921448075321271,
        -0.06422560463718296,
        0.9792627046137466,
        0,
        18.25226224963623,
        -14.695429772205905,
        47.14838920256743,
        1
      ],
      "name": "mesh 18",
      "extras": {
        "type": "TorusBufferGeometry",
        "index": 18
      },
      "mesh": 18
    },
    {
      "matrix": [
        0.9955960546292237,
        0.08065200977221865,
        -0.04778858991878323,
        0,
        -0.07437603121548533,
        0.989854846620233,
        0.12106026847429402,
        0,
        0.05706752130027056,
        -0.11697280000981827,
        0.9914941563471296,
        0,
        4.96277465189754,
        18.801891127947684,
        68.83390604644286,
        1
      ],
      "name": "mesh 19",
      "extras": {
        "type": "BoxBufferGeometry",
        "index": 19
      },
      "mesh": 19
    },
    {
      "matrix": [
        0.9863987089633977,
        0.14783643657144013,
        -0.07184688564719284,
        0,
        -0.1412834883735406,
        0.9859555009917749,
        0.08905462355802692,
        0,
        0.08400335034000651,
        -0.07769258707184885,
        0.9934320807411734,
        0,
        -30.82614953414926,
        31.621715360892495,
        92.47403207080389,
        1
      ],
      "name": "mesh 20",
      "extras": {
        "type": "BoxBufferGeometry",
        "index": 20
      },
      "mesh": 20
    },
    {
      "matrix": [
        0.9916759710293863,
        0.11643526889460146,
        -0.054969051659689634,
        0,
        -0.11280529729158473,
        0.9914835549281672,
        0.0650793762259684,
        0,
        0.062078445420942714,
        -0.0583368533985662,
        0.9963649322159392,
        0,
        -15.60226056296068,
        34.27138597100672,
        97.07097370170918,
        1
      ],
      "name": "mesh 21",
      "extras": {
        "type": "CylinderBufferGeometry",
        "index": 21
      },
      "mesh": 21
    },
    {
      "matrix": [
        0.9944025897898408,
        0.09464280252234016,
        -0.04697051575163918,
        0,
        -0.08628087247055612,
        0.983977814863809,
        0.15602330243128193,
        0,
        0.06098442805321121,
        -0.15109731892578687,
        0.9866359509710062,
        0,
        -28.15759291061639,
        29.446964545499284,
        97.98816471903211,
        1
      ],
      "name": "mesh 22",
      "extras": {
        "type": "BoxBufferGeometry",
        "index": 22
      },
      "mesh": 22
    },
    {
      "matrix": [
        0.9872952718354076,
        0.06883419207891248,
        -0.1432127795006164,
        0,
        -0.04465167570753739,
        0.9851666976149223,
        0.165688882448453,
        0,
        0.15249352139667344,
        -0.1571891596496137,
        0.9757239845472133,
        0,
        -43.32309729566133,
        -4.878711124564241,
        17.27109913076972,
        1
      ],
      "name": "mesh 23",
      "extras": {
        "type": "TorusBufferGeometry",
        "index": 23
      },
      "mesh": 23
    },
    {
      "matrix": [
        0.9950464887962588,
        0.023623342823874204,
        -0.09656305094632532,
        0,
        -0.014997328433519357,
        0.9959098506975648,
        0.0890990988922521,
        0,
        0.09827291220928615,
        -0.08720955771806138,
        0.9913308871252454,
        0,
        -7.976584801258426,
        3.416310015576407,
        22.74672803789923,
        1
      ],
      "name": "mesh 24",
      "extras": {
        "type": "TorusBufferGeometry",
        "index": 24
      },
      "mesh": 24
    },
    {
      "matrix": [
        0.990869237633733,
        0.0679507178490287,
        -0.11645107923478569,
        0,
        -0.06575755973276934,
        0.9975801776018773,
        0.022577258332183096,
        0,
        0.1177034292157026,
        -0.014713571952743233,
        0.9929397834467383,
        0,
        49.11871641125754,
        10.129171195544508,
        6.074683920650914,
        1
      ],
      "name": "mesh 25",
      "extras": {
        "type": "SphereBufferGeometry",
        "index": 25
      },
      "mesh": 25
    },
    {
      "matrix": [
        0.9783938417804894,
        0.12110308970682906,
        -0.1675694841833514,
        0,
        -0.09623636095610996,
        0.9840959023525828,
        0.1493111442685411,
        0,
        0.18298648364275447,
        -0.12995882669644068,
        0.9744878912371073,
        0,
        41.51733115289112,
        32.105486684681026,
        92.75316992038907,
        1
      ],
      "name": "mesh 26",
      "extras": {
        "type": "BoxBufferGeometry",
        "index": 26
      },
      "mesh": 26
    },
    {
      "matrix": [
        0.9838831685710497,
        0.09474498337199663,
        -0.1516486027908975,
        0,
        -0.0713729839522077,
        0.985682676489402,
        0.15275980633153063,
        0,
        0.16395062599560037,
        -0.13947418899039682,
        0.9765588271277476,
        0,
        -17.1934989718723,
        -35.599326604573854,
        13.721112348468022,
        1
      ],
      "name": "mesh 27",
      "extras": {
        "type": "DodecahedronGeometry",
        "index": 27
      },
      "mesh": 27
    },
    {
      "matrix": [
        0.996912933802181,
        0.06975275300018727,
        -0.03604380483277372,
        0,
        -0.06765271758015437,
        0.9961065491781199,
        0.05652302617940436,
        0,
        0.03984610673513898,
        -0.05391007450702164,
        0.997750465619886,
        0,
        -37.15540549630807,
        23.73568716348767,
        12.403947296114293,
        1
      ],
      "name": "mesh 28",
      "extras": {
        "type": "TorusBufferGeometry",
        "index": 28
      },
      "mesh": 28
    },
    {
      "matrix": [
        0.9858512167599718,
        0.06142144387244436,
        -0.1559640492084866,
        0,
        -0.030931452554755073,
        0.9811283034875922,
        0.19086774829292685,
        0,
        0.16474411569381164,
        -0.18334300730647818,
        0.9691463862678747,
        0,
        -46.04584650944581,
        30.671817908537875,
        34.32752580755549,
        1
      ],
      "name": "mesh 29",
      "extras": {
        "type": "SphereBufferGeometry",
        "index": 29
      },
      "mesh": 29
    },
    {
      "matrix": [
        0.9805997474110947,
        0.04082575371160063,
        -0.1917221771501068,
        0,
        -0.008122374866190246,
        0.9856934184448843,
        0.1683523443881056,
        0,
        0.19585239953554384,
        -0.16352902699006666,
        0.9669023192276724,
        0,
        -40.8935794263678,
        38.52659304586436,
        7.674430603727966,
        1
      ],
      "name": "mesh 30",
      "extras": {
        "type": "DodecahedronGeometry",
        "index": 30
      },
      "mesh": 30
    },
    {
      "matrix": [
        0.9818671627285105,
        0.16858220663328058,
        -0.08670014049653339,
        0,
        -0.15550589555321367,
        0.9778299460366576,
        0.14023734553299347,
        0,
        0.10841951486544175,
        -0.12421206157455518,
        0.9863146417628308,
        0,
        37.29884818677007,
        6.100038927226862,
        65.62117296794081,
        1
      ],
      "name": "mesh 31",
      "extras": {
        "type": "DodecahedronGeometry",
        "index": 31
      },
      "mesh": 31
    },
    {
      "matrix": [
        0.9861827770130237,
        0.15540133932457315,
        -0.05739297917872522,
        0,
        -0.14557907949312973,
        0.9782998948673964,
        0.14743150042095482,
        0,
        0.0790585981207213,
        -0.1370391894261268,
        0.9874056910027491,
        0,
        -34.94048842474973,
        35.881950909103935,
        13.943217643705097,
        1
      ],
      "name": "mesh 32",
      "extras": {
        "type": "DodecahedronGeometry",
        "index": 32
      },
      "mesh": 32
    },
    {
      "matrix": [
        0.993903598043573,
        0.07440217496079395,
        -0.08136310070998488,
        0,
        -0.06705160086027163,
        0.9937163506977521,
        0.08962085236158493,
        0,
        0.087519829856522,
        -0.08361896146835113,
        0.992647041331832,
        0,
        -7.103124865431411,
        -15.424089934863908,
        13.073755249809626,
        1
      ],
      "name": "mesh 33",
      "extras": {
        "type": "DodecahedronGeometry",
        "index": 33
      },
      "mesh": 33
    },
    {
      "matrix": [
        0.9898217268921362,
        0.14036666225396524,
        -0.023455257405335595,
        0,
        -0.13358237587640912,
        0.9732317482191385,
        0.18701794864005214,
        0,
        0.04907848640171228,
        -0.1819812198717238,
        0.9820764419262465,
        0,
        46.53072210669981,
        7.056808042616389,
        90.42465102145452,
        1
      ],
      "name": "mesh 34",
      "extras": {
        "type": "DodecahedronGeometry",
        "index": 34
      },
      "mesh": 34
    },
    {
      "matrix": [
        0.9934841122192541,
        0.010840817103456796,
        -0.11345393537665335,
        0,
        -0.008070253821001733,
        0.9996585904103653,
        0.02485102859090808,
        0,
        0.11368460657092078,
        -0.023773500021892494,
        0.9932324153618447,
        0,
        -2.380288554550816,
        46.69176516386126,
        71.8482163505221,
        1
      ],
      "name": "mesh 35",
      "extras": {
        "type": "SphereBufferGeometry",
        "index": 35
      },
      "mesh": 35
    },
    {
      "matrix": [
        0.9962428012231258,
        0.07188824460035813,
        -0.04829452659855545,
        0,
        -0.07016611580350161,
        0.9968689040964128,
        0.03645688191091731,
        0,
        0.05076413304833543,
        -0.032931266812803436,
        0.9981675883647769,
        0,
        -27.882282287826943,
        2.611061387432521,
        96.47651057652631,
        1
      ],
      "name": "mesh 36",
      "extras": {
        "type": "TorusKnotBufferGeometry",
        "index": 36
      },
      "mesh": 36
    },
    {
      "matrix": [
        0.9950830440190179,
        0.06615264403738588,
        -0.07371270713186483,
        0,
        -0.05057430068984555,
        0.9792760843062852,
        0.19611371909043626,
        0,
        0.0851585322535461,
        -0.19142146795125245,
        0.9778066506174978,
        0,
        -32.30533346989786,
        22.24099410872371,
        39.99013844806918,
        1
      ],
      "name": "mesh 37",
      "extras": {
        "type": "CylinderBufferGeometry",
        "index": 37
      },
      "mesh": 37
    },
    {
      "matrix": [
        0.9983907665898873,
        0.05422943822859477,
        -0.016584487253700698,
        0,
        -0.0533285175432915,
        0.9972920170000898,
        0.05064288740314156,
        0,
        0.019285912078301794,
        -0.04967696505729238,
        0.9985791169146312,
        0,
        44.53047346946664,
        -48.517957944635405,
        78.2238391439987,
        1
      ],
      "name": "mesh 38",
      "extras": {
        "type": "TorusBufferGeometry",
        "index": 38
      },
      "mesh": 38
    },
    {
      "matrix": [
        0.9993096728756278,
        0.037015096345684825,
        -0.003171803859851032,
        0,
        -0.036279054284293316,
        0.9906852366588407,
        0.13125011271025283,
        0,
        0.008000494824883946,
        -0.13104443715296138,
        0.9913442124579235,
        0,
        -4.186783281003301,
        -45.294580000748084,
        2.1492420119347155,
        1
      ],
      "name": "mesh 39",
      "extras": {
        "type": "TorusKnotBufferGeometry",
        "index": 39
      },
      "mesh": 39
    },
    {
      "matrix": [
        0.9977509629386494,
        0.041750893138643254,
        -0.05243928753447576,
        0,
        -0.03900756749018073,
        0.9978697490982791,
        0.05229123744028844,
        0,
        0.05451078456137675,
        -0.05012810346166329,
        0.9972541038320374,
        0,
        47.35823708832339,
        31.358301967117924,
        82.92874084844667,
        1
      ],
      "name": "mesh 40",
      "extras": {
        "type": "SphereBufferGeometry",
        "index": 40
      },
      "mesh": 40
    },
    {
      "matrix": [
        0.9870659243801688,
        0.16023811605515517,
        0.004960553458795314,
        0,
        -0.1582716819100312,
        0.9690948606315722,
        0.1892226883934469,
        0,
        0.025513440240250897,
        -0.18756038297190644,
        0.9819216705555178,
        0,
        26.260265193456632,
        2.6707109026753884,
        55.848143021133545,
        1
      ],
      "name": "mesh 41",
      "extras": {
        "type": "CylinderBufferGeometry",
        "index": 41
      },
      "mesh": 41
    },
    {
      "matrix": [
        0.994020735184342,
        0.006293090891151673,
        -0.10900997674807542,
        0,
        -0.0025569385061712784,
        0.9994055819501962,
        0.03437942454819903,
        0,
        0.10916153209375498,
        -0.033895129057511415,
        0.9934459623638916,
        0,
        24.95154537245945,
        12.891815108435736,
        44.74577216540219,
        1
      ],
      "name": "mesh 42",
      "extras": {
        "type": "CylinderBufferGeometry",
        "index": 42
      },
      "mesh": 42
    },
    {
      "matrix": [
        0.9881300237433983,
        0.05607533152266248,
        -0.14301962582629899,
        0,
        -0.054774291209046845,
        0.9984138566563705,
        0.013021054454194228,
        0,
        0.14352293614407982,
        -0.005032696213368407,
        0.9896341944220634,
        0,
        32.03026497294698,
        48.82071233859247,
        28.0333091867764,
        1
      ],
      "name": "mesh 43",
      "extras": {
        "type": "TorusKnotBufferGeometry",
        "index": 43
      },
      "mesh": 43
    },
    {
      "matrix": [
        0.9819975109629908,
        0.12707612483769445,
        -0.13975888865730646,
        0,
        -0.09752414813325294,
        0.9747193569764568,
        0.20102541049898592,
        0,
        0.16177122424391188,
        -0.18377658618996373,
        0.9695649732611986,
        0,
        -23.816266761001124,
        -4.785687180793374,
        5.6052237227132595,
        1
      ],
      "name": "mesh 44",
      "extras": {
        "type": "BoxBufferGeometry",
        "index": 44
      },
      "mesh": 44
    },
    {
      "matrix": [
        0.9869218551183546,
        0.15882513250667582,
        -0.027564999074592735,
        0,
        -0.15577906841822045,
        0.9836593561302424,
        0.09026158064308613,
        0,
        0.04145037674734477,
        -0.08478707673740037,
        0.9955365477398754,
        0,
        47.35274652309185,
        24.927106144118085,
        32.65897135468347,
        1
      ],
      "name": "mesh 45",
      "extras": {
        "type": "TorusKnotBufferGeometry",
        "index": 45
      },
      "mesh": 45
    },
    {
      "matrix": [
        0.9800229374512313,
        0.19887866363222204,
        -0.001522898985998146,
        0,
        -0.19719456461412263,
        0.9726632361289584,
        0.12263984984412116,
        0,
        0.025871717301073658,
        -0.11988955849031835,
        0.992450073307917,
        0,
        17.615548540245456,
        35.09558125559266,
        15.707485236372909,
        1
      ],
      "name": "mesh 46",
      "extras": {
        "type": "BoxBufferGeometry",
        "index": 46
      },
      "mesh": 46
    },
    {
      "matrix": [
        0.9816868267144734,
        0.11612266904597078,
        -0.15101821078567765,
        0,
        -0.09026015991560281,
        0.9816329993974728,
        0.1680766433087326,
        0,
        0.16776196764248216,
        -0.15136769875888664,
        0.9741374348546317,
        0,
        11.271777931866133,
        16.323897764997326,
        84.60987720334458,
        1
      ],
      "name": "mesh 47",
      "extras": {
        "type": "SphereBufferGeometry",
        "index": 47
      },
      "mesh": 47
    },
    {
      "matrix": [
        0.9726198065744672,
        0.2118489857693449,
        -0.09555479625610518,
        0,
        -0.1879520487849124,
        0.9588622059256845,
        0.21273762573857063,
        0,
        0.13669213297260302,
        -0.18895310866940013,
        0.9724258241673603,
        0,
        -46.89499561638453,
        -21.59998146283284,
        79.06478071256196,
        1
      ],
      "name": "mesh 48",
      "extras": {
        "type": "CylinderBufferGeometry",
        "index": 48
      },
      "mesh": 48
    },
    {
      "matrix": [
        0.9929523272244414,
        0.05826560245526685,
        -0.10320269100217593,
        0,
        -0.04621818590213893,
        0.9922309971561715,
        0.11550553049263461,
        0,
        0.10913090832335783,
        -0.10992164415161564,
        0.9879310082164262,
        0,
        12.449643204264845,
        -31.678136930119848,
        68.1793466071736,
        1
      ],
      "name": "mesh 49",
      "extras": {
        "type": "TorusKnotBufferGeometry",
        "index": 49
      },
      "mesh": 49
    },
    {
      "matrix": [
        0.9745875389743266,
        0.12571041960345625,
        -0.18540771094830003,
        0,
        -0.11886377932664947,
        0.991767158881541,
        0.04763721788918623,
        0,
        0.18986977337151636,
        -0.024388377706587826,
        0.9815063301847268,
        0,
        -1.2077236273423608,
        5.607518983577961,
        76.88389077678231,
        1
      ],
      "name": "mesh 50",
      "extras": {
        "type": "CylinderBufferGeometry",
        "index": 50
      },
      "mesh": 50
    },
    {
      "matrix": [
        0.9969875980746351,
        0.06222546300295872,
        -0.04630033519789346,
        0,
        -0.05295141728824527,
        0.9822581671615126,
        0.17990286393404675,
        0,
        0.05667342139430084,
        -0.17690925583070388,
        0.9825941372249738,
        0,
        25.389202644112288,
        -44.76682735787922,
        28.37770605682848,
        1
      ],
      "name": "mesh 51",
      "extras": {
        "type": "CylinderBufferGeometry",
        "index": 51
      },
      "mesh": 51
    },
    {
      "matrix": [
        0.974356886664767,
        0.19591411596646857,
        -0.11066307683242559,
        0,
        -0.19113348422970505,
        0.9801656835345565,
        0.052375796198709565,
        0,
        0.11872930815580167,
        -0.029881298270201945,
        0.9924769314188274,
        0,
        30.105421246548886,
        -36.80045981002262,
        36.966749395902674,
        1
      ],
      "name": "mesh 52",
      "extras": {
        "type": "DodecahedronGeometry",
        "index": 52
      },
      "mesh": 52
    },
    {
      "matrix": [
        0.982277544945492,
        0.17303555920844385,
        -0.07203832275447512,
        0,
        -0.1719409692984221,
        0.9848796384731457,
        0.021175476328170448,
        0,
        0.07461318765858939,
        -0.008413855859649624,
        0.9971770551195996,
        0,
        -13.457737017292828,
        47.45411067405986,
        64.57482584378376,
        1
      ],
      "name": "mesh 53",
      "extras": {
        "type": "DodecahedronGeometry",
        "index": 53
      },
      "mesh": 53
    },
    {
      "matrix": [
        0.976810287704997,
        0.1603878877154568,
        -0.14183577583901405,
        0,
        -0.1275686801002422,
        0.968008327372466,
        0.21606968782094965,
        0,
        0.1719531729604403,
        -0.1929652912099339,
        0.9660209639014582,
        0,
        29.512992959055467,
        1.1854598901803968,
        87.14386930586993,
        1
      ],
      "name": "mesh 54",
      "extras": {
        "type": "CylinderBufferGeometry",
        "index": 54
      },
      "mesh": 54
    },
    {
      "matrix": [
        0.9862343846703948,
        0.1447428759887545,
        -0.07994522089726094,
        0,
        -0.14167789783104026,
        0.9889873403016801,
        0.04279502294877512,
        0,
        0.08525908608462285,
        -0.03087945228647857,
        0.9958801874053435,
        0,
        1.6846894916658215,
        7.726868320357383,
        63.78900585604883,
        1
      ],
      "name": "mesh 55",
      "extras": {
        "type": "TorusBufferGeometry",
        "index": 55
      },
      "mesh": 55
    },
    {
      "matrix": [
        0.9806585369888843,
        0.17136892618634644,
        -0.09455963710040138,
        0,
        -0.15189601099747282,
        0.9710254453241824,
        0.18449169730919784,
        0,
        0.12343595778328403,
        -0.16656012629291445,
        0.978274648887219,
        0,
        -32.72824325433838,
        0.2769124758084587,
        21.46019462711346,
        1
      ],
      "name": "mesh 56",
      "extras": {
        "type": "CylinderBufferGeometry",
        "index": 56
      },
      "mesh": 56
    },
    {
      "matrix": [
        0.9905458088314316,
        0.10368625219422606,
        -0.08982294646915323,
        0,
        -0.09103598711193778,
        0.9866532124302292,
        0.1350106938418737,
        0,
        0.1026228515343445,
        -0.12555715633536946,
        0.9867643846612704,
        0,
        -26.961119464469284,
        -11.621789798668814,
        62.52255406209488,
        1
      ],
      "name": "mesh 57",
      "extras": {
        "type": "TorusBufferGeometry",
        "index": 57
      },
      "mesh": 57
    },
    {
      "matrix": [
        0.984767431051212,
        0.10098426553967069,
        -0.14154605206154497,
        0,
        -0.09583899528191328,
        0.9944794617830447,
        0.04272571912863552,
        0,
        0.1450792670375396,
        -0.02850926525042217,
        0.9890092153618849,
        0,
        36.717178446865645,
        41.044345574385986,
        21.175301207633336,
        1
      ],
      "name": "mesh 58",
      "extras": {
        "type": "DodecahedronGeometry",
        "index": 58
      },
      "mesh": 58
    },
    {
      "matrix": [
        0.9971323645448258,
        0.06852103010301154,
        -0.032123449548060824,
        0,
        -0.06363892897168617,
        0.9889295381058387,
        0.1340464672459113,
        0,
        0.04095283014128944,
        -0.13161776891968147,
        0.9904542536674897,
        0,
        -41.13188009824849,
        48.11760865623856,
        19.772778405544344,
        1
      ],
      "name": "mesh 59",
      "extras": {
        "type": "SphereBufferGeometry",
        "index": 59
      },
      "mesh": 59
    },
    {
      "matrix": [
        0.9828736049106951,
        0.16913413902687352,
        -0.07316501749807172,
        0,
        -0.1648063227293744,
        0.9843967637611791,
        0.06165944765353057,
        0,
        0.0824521240373843,
        -0.04854538610574036,
        0.9954119713613898,
        0,
        14.787706738664255,
        28.372147536377952,
        43.36655151532756,
        1
      ],
      "name": "mesh 60",
      "extras": {
        "type": "SphereBufferGeometry",
        "index": 60
      },
      "mesh": 60
    },
    {
      "matrix": [
        0.986452266044585,
        0.14127468148933323,
        -0.08338699650179733,
        0,
        -0.13130627904549988,
        0.9846617515419556,
        0.11489080090918327,
        0,
        0.09833914733578193,
        -0.10238505467310999,
        0.9898720688456947,
        0,
        29.501038349438005,
        12.69725261424184,
        16.612342070525244,
        1
      ],
      "name": "mesh 61",
      "extras": {
        "type": "DodecahedronGeometry",
        "index": 61
      },
      "mesh": 61
    },
    {
      "matrix": [
        0.9647776289575697,
        0.20566009699130489,
        -0.1640367372527784,
        0,
        -0.1778174224757682,
        0.9693564235756279,
        0.16949657323008605,
        0,
        0.19386874664856157,
        -0.13435791222773164,
        0.9717833403051943,
        0,
        -16.58579693255038,
        28.19568164523902,
        92.91692303854788,
        1
      ],
      "name": "mesh 62",
      "extras": {
        "type": "BoxBufferGeometry",
        "index": 62
      },
      "mesh": 62
    },
    {
      "matrix": [
        0.9970271997676635,
        0.019427168345070515,
        -0.0745610357595973,
        0,
        -0.005222996903133414,
        0.982506652956292,
        0.18615422960538458,
        0,
        0.07687316324180707,
        -0.18521139820949645,
        0.9796873249902143,
        0,
        41.04635687029352,
        36.26618220286355,
        76.87115599566813,
        1
      ],
      "name": "mesh 63",
      "extras": {
        "type": "TorusBufferGeometry",
        "index": 63
      },
      "mesh": 63
    },
    {
      "matrix": [
        0.9831674604420295,
        0.1446885021281072,
        -0.11156604357910656,
        0,
        -0.1370466341280961,
        0.9878410768214781,
        0.07340454358105072,
        0,
        0.12083031408603616,
        -0.05687920794198289,
        0.9910422750325854,
        0,
        15.980360477069027,
        -3.758217755745207,
        31.571537924758108,
        1
      ],
      "name": "mesh 64",
      "extras": {
        "type": "TorusKnotBufferGeometry",
        "index": 64
      },
      "mesh": 64
    },
    {
      "matrix": [
        0.9974093902489791,
        0.010367245388759643,
        -0.07118306305722459,
        0,
        -0.006018768689679158,
        0.9981175697628866,
        0.06103352647594148,
        0,
        0.07168181545287276,
        -0.06044697803594943,
        0.9955942347059377,
        0,
        35.53987670276169,
        47.254593077425895,
        92.2154880161389,
        1
      ],
      "name": "mesh 65",
      "extras": {
        "type": "BoxBufferGeometry",
        "index": 65
      },
      "mesh": 65
    },
    {
      "matrix": [
        0.9914306194396908,
        0.10493954588921325,
        -0.0778011474593827,
        0,
        -0.10351625856243335,
        0.9943818123311933,
        0.022117764764255803,
        0,
        0.07968507420255282,
        -0.013874545523988036,
        0.9967235253247695,
        0,
        -20.508487482863202,
        42.82676259358706,
        9.394833390581848,
        1
      ],
      "name": "mesh 66",
      "extras": {
        "type": "BoxBufferGeometry",
        "index": 66
      },
      "mesh": 66
    },
    {
      "matrix": [
        0.977783791939512,
        0.15448992384307242,
        -0.14167469658111417,
        0,
        -0.13778687414719243,
        0.9830417064778312,
        0.12101148969374499,
        0,
        0.15796719131875084,
        -0.09880215967333551,
        0.9824889310881573,
        0,
        30.955507422235115,
        -20.772182905735903,
        68.51809222825473,
        1
      ],
      "name": "mesh 67",
      "extras": {
        "type": "DodecahedronGeometry",
        "index": 67
      },
      "mesh": 67
    },
    {
      "matrix": [
        0.9909420859375293,
        0.13094125276148771,
        -0.02980219191654438,
        0,
        -0.1300975514124641,
        0.9910861277335851,
        0.028686486897653428,
        0,
        0.033292783516245865,
        -0.024549454969513537,
        0.9991440911232174,
        0,
        -16.076884469243915,
        -46.496833252292504,
        56.77499545130262,
        1
      ],
      "name": "mesh 68",
      "extras": {
        "type": "SphereBufferGeometry",
        "index": 68
      },
      "mesh": 68
    },
    {
      "matrix": [
        0.9967949588006318,
        0.04396548757499477,
        -0.06683446724512546,
        0,
        -0.033981430788769904,
        0.9890240186907437,
        0.1437941334490372,
        0,
        0.07242287256933963,
        -0.14106213650411104,
        0.9873481661367993,
        0,
        -39.64158785306917,
        3.877224982668295,
        76.28614083554086,
        1
